{
    "asset": {
        "generator": "COLLADA2GLTF",
        "version": "2.0"
    },
    "scenes": [
        {
            "nodes": [
                0
            ]
        }
    ],
    "scene": 0,
    "nodes": [
        {
            "children": [
                435,
                431,
                427,
                422,
                289,
                24,
                5,
                4,
                3,
                2,
                1
            ],
            "matrix": [
                1.0,
                0.0,
                0.0,
                0.0,
                0.0,
                0.0,
                -1.0,
                0.0,
                0.0,
                1.0,
                0.0,
                0.0,
                0.0,
                0.0,
                0.0,
                1.0
            ],
            "name": "Z_UP"
        },
        {
            "mesh": 0,
            "matrix": [
                -3.1086244689504389e-15,
                -7.543443558688524e-8,
                -1.0,
                0.0,
                -7.556142378462029e-8,
                -1.0,
                7.543443558688524e-8,
                0.0,
                -1.0,
                7.556142378462029e-8,
                -3.1086244689504389e-15,
                0.0,
                4.121603965759277,
                0.02714106068015099,
                3.160569906234741,
                1.0
            ],
            "name": "Helix004"
        },
        {
            "mesh": 1,
            "matrix": [
                -3.1086244689504389e-15,
                -7.543443558688524e-8,
                -1.0,
                0.0,
                -7.556142378462029e-8,
                -1.0,
                7.543443558688524e-8,
                0.0,
                -1.0,
                7.556142378462029e-8,
                -3.1086244689504389e-15,
                0.0,
                8.019333839416504,
                0.02714047022163868,
                3.160569906234741,
                1.0
            ],
            "name": "Helix003"
        },
        {
            "mesh": 2,
            "matrix": [
                -1.3311316138242549e-7,
                0.0,
                -1.0,
                0.0,
                0.0,
                1.0,
                0.0,
                0.0,
                1.0,
                0.0,
                -1.3311316138242549e-7,
                0.0,
                3.9193272590637209,
                0.0271418821066618,
                3.165874481201172,
                1.0
            ],
            "name": "Helix002"
        },
        {
            "mesh": 3,
            "matrix": [
                -1.3311316138242549e-7,
                0.0,
                -1.0,
                0.0,
                0.0,
                1.0,
                0.0,
                0.0,
                1.0,
                0.0,
                -1.3311316138242549e-7,
                0.0,
                0.02159821055829525,
                0.0271418821066618,
                3.165874481201172,
                1.0
            ],
            "name": "Helix001"
        },
        {
            "children": [
                15,
                6
            ],
            "matrix": [
                1.0,
                0.0,
                0.0,
                0.0,
                0.0,
                1.0,
                0.0,
                0.0,
                0.0,
                0.0,
                1.0,
                0.0,
                3.963212251663208,
                0.015398560091853142,
                2.9596664905548097,
                1.0
            ],
            "name": "U__"
        },
        {
            "children": [
                13,
                11,
                9,
                7
            ],
            "matrix": [
                1.0,
                0.0,
                0.0,
                0.0,
                0.0,
                4.4896641959724089e-11,
                1.0,
                0.0,
                0.0,
                -1.0,
                4.4896641959724089e-11,
                0.0,
                0.0,
                -0.18907080590724946,
                0.006838379427790642,
                1.0
            ],
            "name": "__002"
        },
        {
            "children": [
                8
            ],
            "matrix": [
                -5.397575932875043e-7,
                -0.5735764503479004,
                0.8191519975662231,
                0.0,
                0.0000014613572147936794,
                0.8191519975662231,
                0.5735764503479004,
                0.0,
                -1.0,
                0.0000015066659670992522,
                3.960566061778082e-7,
                0.0,
                0.0,
                -0.12727859616279606,
                -0.1272808015346527,
                1.0
            ],
            "name": "Cylinder516"
        },
        {
            "mesh": 4,
            "matrix": [
                1.0,
                0.0,
                0.0,
                0.0,
                0.0,
                1.0,
                0.0,
                0.0,
                0.0,
                0.0,
                1.0,
                0.0,
                0.000001220703097715159,
                -0.000001672506073191471,
                -3.964629411697388,
                1.0
            ]
        },
        {
            "children": [
                10
            ],
            "matrix": [
                -5.397575932875043e-7,
                -0.5735764503479004,
                0.8191519975662231,
                0.0,
                0.0000014613572147936794,
                0.8191519975662231,
                0.5735764503479004,
                0.0,
                -1.0,
                0.0000015066659670992522,
                3.960566061778082e-7,
                0.0,
                0.0,
                -0.042426031082868579,
                -0.04242725297808647,
                1.0
            ],
            "name": "Cylinder517"
        },
        {
            "mesh": 4,
            "matrix": [
                1.0,
                0.0,
                0.0,
                0.0,
                0.0,
                1.0,
                0.0,
                0.0,
                0.0,
                0.0,
                1.0,
                0.0,
                0.000001220703097715159,
                -0.000001672506073191471,
                -3.964629411697388,
                1.0
            ]
        },
        {
            "children": [
                12
            ],
            "matrix": [
                -5.397575932875043e-7,
                -0.5735764503479004,
                0.8191519975662231,
                0.0,
                0.0000014613572147936794,
                0.8191519975662231,
                0.5735764503479004,
                0.0,
                -1.0,
                0.0000015066659670992522,
                3.960566061778082e-7,
                0.0,
                0.0,
                0.04242651164531708,
                0.04242531210184097,
                1.0
            ],
            "name": "Cylinder518"
        },
        {
            "mesh": 4,
            "matrix": [
                1.0,
                0.0,
                0.0,
                0.0,
                0.0,
                1.0,
                0.0,
                0.0,
                0.0,
                0.0,
                1.0,
                0.0,
                0.000001220703097715159,
                -0.000001672506073191471,
                -3.964629411697388,
                1.0
            ]
        },
        {
            "children": [
                14
            ],
            "matrix": [
                -5.397575932875043e-7,
                -0.5735764503479004,
                0.8191519975662231,
                0.0,
                0.0000014613572147936794,
                0.8191519975662231,
                0.5735764503479004,
                0.0,
                -1.0,
                0.0000015066659670992522,
                3.960566061778082e-7,
                0.0,
                0.0,
                0.12727980315685273,
                0.12727880477905274,
                1.0
            ],
            "name": "Cylinder519"
        },
        {
            "mesh": 4,
            "matrix": [
                1.0,
                0.0,
                0.0,
                0.0,
                0.0,
                1.0,
                0.0,
                0.0,
                0.0,
                0.0,
                1.0,
                0.0,
                0.000001220703097715159,
                -0.000001672506073191471,
                -3.964629411697388,
                1.0
            ]
        },
        {
            "children": [
                22,
                20,
                18,
                16
            ],
            "matrix": [
                1.0,
                0.0,
                0.0,
                0.0,
                0.0,
                1.0,
                0.0,
                0.0,
                0.0,
                0.0,
                1.0,
                0.0,
                0.0,
                0.1890733987092972,
                -0.006844727322459221,
                1.0
            ],
            "name": "__001"
        },
        {
            "children": [
                17
            ],
            "matrix": [
                4.26898026262279e-7,
                0.7071068286895752,
                0.7071067094802856,
                0.0,
                -5.222184427111642e-7,
                0.7071067094802856,
                -0.7071068286895752,
                0.0,
                -1.0,
                -6.740164337770693e-8,
                6.711267133141519e-7,
                0.0,
                0.0,
                -0.127279594540596,
                -0.12727980315685273,
                1.0
            ],
            "name": "Cylinder512"
        },
        {
            "mesh": 5,
            "matrix": [
                1.0,
                0.0,
                0.0,
                0.0,
                0.0,
                1.0,
                0.0,
                0.0,
                0.0,
                0.0,
                1.0,
                0.0,
                0.000001220703097715159,
                -0.000001672506073191471,
                -3.964629411697388,
                1.0
            ]
        },
        {
            "children": [
                19
            ],
            "matrix": [
                4.26898026262279e-7,
                0.7071068286895752,
                0.7071067094802856,
                0.0,
                -5.222184427111642e-7,
                0.7071067094802856,
                -0.7071068286895752,
                0.0,
                -1.0,
                -6.740164337770693e-8,
                6.711267133141519e-7,
                0.0,
                0.0,
                -0.04242682084441185,
                -0.04242725297808647,
                1.0
            ],
            "name": "Cylinder513"
        },
        {
            "mesh": 5,
            "matrix": [
                1.0,
                0.0,
                0.0,
                0.0,
                0.0,
                1.0,
                0.0,
                0.0,
                0.0,
                0.0,
                1.0,
                0.0,
                0.000001220703097715159,
                -0.000001672506073191471,
                -3.964629411697388,
                1.0
            ]
        },
        {
            "children": [
                21
            ],
            "matrix": [
                4.26898026262279e-7,
                0.7071068286895752,
                0.7071067094802856,
                0.0,
                -5.222184427111642e-7,
                0.7071067094802856,
                -0.7071068286895752,
                0.0,
                -1.0,
                -6.740164337770693e-8,
                6.711267133141519e-7,
                0.0,
                0.0,
                0.042426031082868579,
                0.04242528975009918,
                1.0
            ],
            "name": "Cylinder514"
        },
        {
            "mesh": 5,
            "matrix": [
                1.0,
                0.0,
                0.0,
                0.0,
                0.0,
                1.0,
                0.0,
                0.0,
                0.0,
                0.0,
                1.0,
                0.0,
                0.000001220703097715159,
                -0.000001672506073191471,
                -3.964629411697388,
                1.0
            ]
        },
        {
            "children": [
                23
            ],
            "matrix": [
                4.26898026262279e-7,
                0.7071068286895752,
                0.7071067094802856,
                0.0,
                -5.222184427111642e-7,
                0.7071067094802856,
                -0.7071068286895752,
                0.0,
                -1.0,
                -6.740164337770693e-8,
                6.711267133141519e-7,
                0.0,
                0.0,
                0.12727920711040498,
                0.12727880477905274,
                1.0
            ],
            "name": "Cylinder515"
        },
        {
            "mesh": 5,
            "matrix": [
                1.0,
                0.0,
                0.0,
                0.0,
                0.0,
                1.0,
                0.0,
                0.0,
                0.0,
                0.0,
                1.0,
                0.0,
                0.000001220703097715159,
                -0.000001672506073191471,
                -3.964629411697388,
                1.0
            ]
        },
        {
            "children": [
                287,
                285,
                283,
                281,
                279,
                277,
                275,
                273,
                271,
                269,
                267,
                265,
                263,
                261,
                259,
                257,
                255,
                253,
                251,
                249,
                247,
                245,
                243,
                241,
                239,
                237,
                235,
                233,
                231,
                229,
                227,
                225,
                223,
                221,
                219,
                217,
                215,
                213,
                211,
                209,
                207,
                205,
                203,
                201,
                199,
                197,
                195,
                193,
                191,
                189,
                187,
                185,
                183,
                181,
                179,
                177,
                175,
                173,
                171,
                169,
                167,
                165,
                163,
                161,
                159,
                157,
                155,
                153,
                151,
                149,
                147,
                145,
                143,
                141,
                139,
                137,
                135,
                133,
                131,
                129,
                127,
                125,
                123,
                121,
                119,
                117,
                115,
                113,
                111,
                109,
                107,
                105,
                103,
                101,
                99,
                97,
                95,
                93,
                91,
                89,
                87,
                85,
                83,
                81,
                79,
                77,
                75,
                73,
                71,
                69,
                67,
                65,
                63,
                61,
                59,
                57,
                55,
                53,
                51,
                49,
                47,
                45,
                43,
                41,
                39,
                37,
                35,
                33,
                31,
                29,
                27,
                25
            ],
            "matrix": [
                1.0,
                0.0,
                0.0,
                0.0,
                0.0,
                1.0,
                0.0,
                0.0,
                0.0,
                0.0,
                1.0,
                0.0,
                3.969726324081421,
                0.023791560903191568,
                2.9466099739074709,
                1.0
            ],
            "name": "U__"
        },
        {
            "children": [
                26
            ],
            "matrix": [
                -2.3170341023615044e-7,
                0.4574010968208313,
                0.8892605304718018,
                0.0,
                1.0,
                0.0000011062609246437206,
                -3.08460300857405e-7,
                0.0,
                0.0000011248442888245336,
                -0.8892605304718018,
                0.4574010968208313,
                0.0,
                -3.9300014972686769,
                -0.03291317820549011,
                0.13576902449131013,
                1.0
            ],
            "name": "Cylinder511"
        },
        {
            "mesh": 6,
            "matrix": [
                1.0,
                0.0,
                0.0,
                0.0,
                0.0,
                1.0,
                0.0,
                0.0,
                0.0,
                0.0,
                1.0,
                0.0,
                -0.24569809436798097,
                6.866660555715498e-7,
                -0.5481755137443543,
                1.0
            ]
        },
        {
            "children": [
                28
            ],
            "matrix": [
                -2.3170341023615044e-7,
                0.4574010968208313,
                0.8892605304718018,
                0.0,
                1.0,
                0.0000011062609246437206,
                -3.08460300857405e-7,
                0.0,
                0.0000011248442888245336,
                -0.8892605304718018,
                0.4574010968208313,
                0.0,
                -3.8700013160705568,
                -0.03291317820549011,
                0.13576902449131013,
                1.0
            ],
            "name": "Cylinder510"
        },
        {
            "mesh": 6,
            "matrix": [
                1.0,
                0.0,
                0.0,
                0.0,
                0.0,
                1.0,
                0.0,
                0.0,
                0.0,
                0.0,
                1.0,
                0.0,
                -0.24569809436798097,
                6.866660555715498e-7,
                -0.5481755137443543,
                1.0
            ]
        },
        {
            "children": [
                30
            ],
            "matrix": [
                -2.3170341023615044e-7,
                0.4574010968208313,
                0.8892605304718018,
                0.0,
                1.0,
                0.0000011062609246437206,
                -3.08460300857405e-7,
                0.0,
                0.0000011248442888245336,
                -0.8892605304718018,
                0.4574010968208313,
                0.0,
                -3.810001373291016,
                -0.03291317820549011,
                0.13576902449131013,
                1.0
            ],
            "name": "Cylinder509"
        },
        {
            "mesh": 6,
            "matrix": [
                1.0,
                0.0,
                0.0,
                0.0,
                0.0,
                1.0,
                0.0,
                0.0,
                0.0,
                0.0,
                1.0,
                0.0,
                -0.24569809436798097,
                6.866660555715498e-7,
                -0.5481755137443543,
                1.0
            ]
        },
        {
            "children": [
                32
            ],
            "matrix": [
                -2.3170341023615044e-7,
                0.4574010968208313,
                0.8892605304718018,
                0.0,
                1.0,
                0.0000011062609246437206,
                -3.08460300857405e-7,
                0.0,
                0.0000011248442888245336,
                -0.8892605304718018,
                0.4574010968208313,
                0.0,
                -3.750001430511475,
                -0.03291317820549011,
                0.13576902449131013,
                1.0
            ],
            "name": "Cylinder508"
        },
        {
            "mesh": 6,
            "matrix": [
                1.0,
                0.0,
                0.0,
                0.0,
                0.0,
                1.0,
                0.0,
                0.0,
                0.0,
                0.0,
                1.0,
                0.0,
                -0.24569809436798097,
                6.866660555715498e-7,
                -0.5481755137443543,
                1.0
            ]
        },
        {
            "children": [
                34
            ],
            "matrix": [
                -2.3170341023615044e-7,
                0.4574010968208313,
                0.8892605304718018,
                0.0,
                1.0,
                0.0000011062609246437206,
                -3.08460300857405e-7,
                0.0,
                0.0000011248442888245336,
                -0.8892605304718018,
                0.4574010968208313,
                0.0,
                -3.6900014877319338,
                -0.03291317820549011,
                0.13576902449131013,
                1.0
            ],
            "name": "Cylinder507"
        },
        {
            "mesh": 6,
            "matrix": [
                1.0,
                0.0,
                0.0,
                0.0,
                0.0,
                1.0,
                0.0,
                0.0,
                0.0,
                0.0,
                1.0,
                0.0,
                -0.24569809436798097,
                6.866660555715498e-7,
                -0.5481755137443543,
                1.0
            ]
        },
        {
            "children": [
                36
            ],
            "matrix": [
                -2.3170341023615044e-7,
                0.4574010968208313,
                0.8892605304718018,
                0.0,
                1.0,
                0.0000011062609246437206,
                -3.08460300857405e-7,
                0.0,
                0.0000011248442888245336,
                -0.8892605304718018,
                0.4574010968208313,
                0.0,
                -3.6300013065338136,
                -0.03291317820549011,
                0.13576902449131013,
                1.0
            ],
            "name": "Cylinder506"
        },
        {
            "mesh": 6,
            "matrix": [
                1.0,
                0.0,
                0.0,
                0.0,
                0.0,
                1.0,
                0.0,
                0.0,
                0.0,
                0.0,
                1.0,
                0.0,
                -0.24569809436798097,
                6.866660555715498e-7,
                -0.5481755137443543,
                1.0
            ]
        },
        {
            "children": [
                38
            ],
            "matrix": [
                -2.3170341023615044e-7,
                0.4574010968208313,
                0.8892605304718018,
                0.0,
                1.0,
                0.0000011062609246437206,
                -3.08460300857405e-7,
                0.0,
                0.0000011248442888245336,
                -0.8892605304718018,
                0.4574010968208313,
                0.0,
                -3.570001363754273,
                -0.03291317820549011,
                0.13576902449131013,
                1.0
            ],
            "name": "Cylinder505"
        },
        {
            "mesh": 6,
            "matrix": [
                1.0,
                0.0,
                0.0,
                0.0,
                0.0,
                1.0,
                0.0,
                0.0,
                0.0,
                0.0,
                1.0,
                0.0,
                -0.24569809436798097,
                6.866660555715498e-7,
                -0.5481755137443543,
                1.0
            ]
        },
        {
            "children": [
                40
            ],
            "matrix": [
                -2.3170341023615044e-7,
                0.4574010968208313,
                0.8892605304718018,
                0.0,
                1.0,
                0.0000011062609246437206,
                -3.08460300857405e-7,
                0.0,
                0.0000011248442888245336,
                -0.8892605304718018,
                0.4574010968208313,
                0.0,
                -3.5100014209747316,
                -0.03291317820549011,
                0.13576902449131013,
                1.0
            ],
            "name": "Cylinder504"
        },
        {
            "mesh": 6,
            "matrix": [
                1.0,
                0.0,
                0.0,
                0.0,
                0.0,
                1.0,
                0.0,
                0.0,
                0.0,
                0.0,
                1.0,
                0.0,
                -0.24569809436798097,
                6.866660555715498e-7,
                -0.5481755137443543,
                1.0
            ]
        },
        {
            "children": [
                42
            ],
            "matrix": [
                -2.3170341023615044e-7,
                0.4574010968208313,
                0.8892605304718018,
                0.0,
                1.0,
                0.0000011062609246437206,
                -3.08460300857405e-7,
                0.0,
                0.0000011248442888245336,
                -0.8892605304718018,
                0.4574010968208313,
                0.0,
                -3.4500014781951906,
                -0.03291317820549011,
                0.13576902449131013,
                1.0
            ],
            "name": "Cylinder503"
        },
        {
            "mesh": 6,
            "matrix": [
                1.0,
                0.0,
                0.0,
                0.0,
                0.0,
                1.0,
                0.0,
                0.0,
                0.0,
                0.0,
                1.0,
                0.0,
                -0.24569809436798097,
                6.866660555715498e-7,
                -0.5481755137443543,
                1.0
            ]
        },
        {
            "children": [
                44
            ],
            "matrix": [
                -2.3170341023615044e-7,
                0.4574010968208313,
                0.8892605304718018,
                0.0,
                1.0,
                0.0000011062609246437206,
                -3.08460300857405e-7,
                0.0,
                0.0000011248442888245336,
                -0.8892605304718018,
                0.4574010968208313,
                0.0,
                -3.3900012969970705,
                -0.03291317820549011,
                0.13576902449131013,
                1.0
            ],
            "name": "Cylinder502"
        },
        {
            "mesh": 6,
            "matrix": [
                1.0,
                0.0,
                0.0,
                0.0,
                0.0,
                1.0,
                0.0,
                0.0,
                0.0,
                0.0,
                1.0,
                0.0,
                -0.24569809436798097,
                6.866660555715498e-7,
                -0.5481755137443543,
                1.0
            ]
        },
        {
            "children": [
                46
            ],
            "matrix": [
                -2.3170341023615044e-7,
                0.4574010968208313,
                0.8892605304718018,
                0.0,
                1.0,
                0.0000011062609246437206,
                -3.08460300857405e-7,
                0.0,
                0.0000011248442888245336,
                -0.8892605304718018,
                0.4574010968208313,
                0.0,
                -3.3300013542175299,
                -0.03291317820549011,
                0.13576902449131013,
                1.0
            ],
            "name": "Cylinder501"
        },
        {
            "mesh": 6,
            "matrix": [
                1.0,
                0.0,
                0.0,
                0.0,
                0.0,
                1.0,
                0.0,
                0.0,
                0.0,
                0.0,
                1.0,
                0.0,
                -0.24569809436798097,
                6.866660555715498e-7,
                -0.5481755137443543,
                1.0
            ]
        },
        {
            "children": [
                48
            ],
            "matrix": [
                -2.3170341023615044e-7,
                0.4574010968208313,
                0.8892605304718018,
                0.0,
                1.0,
                0.0000011062609246437206,
                -3.08460300857405e-7,
                0.0,
                0.0000011248442888245336,
                -0.8892605304718018,
                0.4574010968208313,
                0.0,
                -3.2700014114379885,
                -0.03291317820549011,
                0.13576902449131013,
                1.0
            ],
            "name": "Cylinder500"
        },
        {
            "mesh": 6,
            "matrix": [
                1.0,
                0.0,
                0.0,
                0.0,
                0.0,
                1.0,
                0.0,
                0.0,
                0.0,
                0.0,
                1.0,
                0.0,
                -0.24569809436798097,
                6.866660555715498e-7,
                -0.5481755137443543,
                1.0
            ]
        },
        {
            "children": [
                50
            ],
            "matrix": [
                -2.3170341023615044e-7,
                0.4574010968208313,
                0.8892605304718018,
                0.0,
                1.0,
                0.0000011062609246437206,
                -3.08460300857405e-7,
                0.0,
                0.0000011248442888245336,
                -0.8892605304718018,
                0.4574010968208313,
                0.0,
                -3.2100014686584474,
                -0.03291317820549011,
                0.13576902449131013,
                1.0
            ],
            "name": "Cylinder499"
        },
        {
            "mesh": 6,
            "matrix": [
                1.0,
                0.0,
                0.0,
                0.0,
                0.0,
                1.0,
                0.0,
                0.0,
                0.0,
                0.0,
                1.0,
                0.0,
                -0.24569809436798097,
                6.866660555715498e-7,
                -0.5481755137443543,
                1.0
            ]
        },
        {
            "children": [
                52
            ],
            "matrix": [
                -2.3170341023615044e-7,
                0.4574010968208313,
                0.8892605304718018,
                0.0,
                1.0,
                0.0000011062609246437206,
                -3.08460300857405e-7,
                0.0,
                0.0000011248442888245336,
                -0.8892605304718018,
                0.4574010968208313,
                0.0,
                -3.150001287460327,
                -0.03291317820549011,
                0.13576902449131013,
                1.0
            ],
            "name": "Cylinder498"
        },
        {
            "mesh": 6,
            "matrix": [
                1.0,
                0.0,
                0.0,
                0.0,
                0.0,
                1.0,
                0.0,
                0.0,
                0.0,
                0.0,
                1.0,
                0.0,
                -0.24569809436798097,
                6.866660555715498e-7,
                -0.5481755137443543,
                1.0
            ]
        },
        {
            "children": [
                54
            ],
            "matrix": [
                -2.3170341023615044e-7,
                0.4574010968208313,
                0.8892605304718018,
                0.0,
                1.0,
                0.0000011062609246437206,
                -3.08460300857405e-7,
                0.0,
                0.0000011248442888245336,
                -0.8892605304718018,
                0.4574010968208313,
                0.0,
                -3.090001344680786,
                -0.03291317820549011,
                0.13576902449131013,
                1.0
            ],
            "name": "Cylinder497"
        },
        {
            "mesh": 6,
            "matrix": [
                1.0,
                0.0,
                0.0,
                0.0,
                0.0,
                1.0,
                0.0,
                0.0,
                0.0,
                0.0,
                1.0,
                0.0,
                -0.24569809436798097,
                6.866660555715498e-7,
                -0.5481755137443543,
                1.0
            ]
        },
        {
            "children": [
                56
            ],
            "matrix": [
                -2.3170341023615044e-7,
                0.4574010968208313,
                0.8892605304718018,
                0.0,
                1.0,
                0.0000011062609246437206,
                -3.08460300857405e-7,
                0.0,
                0.0000011248442888245336,
                -0.8892605304718018,
                0.4574010968208313,
                0.0,
                -3.030001401901245,
                -0.03291317820549011,
                0.13576902449131013,
                1.0
            ],
            "name": "Cylinder496"
        },
        {
            "mesh": 6,
            "matrix": [
                1.0,
                0.0,
                0.0,
                0.0,
                0.0,
                1.0,
                0.0,
                0.0,
                0.0,
                0.0,
                1.0,
                0.0,
                -0.24569809436798097,
                6.866660555715498e-7,
                -0.5481755137443543,
                1.0
            ]
        },
        {
            "children": [
                58
            ],
            "matrix": [
                -2.3170341023615044e-7,
                0.4574010968208313,
                0.8892605304718018,
                0.0,
                1.0,
                0.0000011062609246437206,
                -3.08460300857405e-7,
                0.0,
                0.0000011248442888245336,
                -0.8892605304718018,
                0.4574010968208313,
                0.0,
                -2.970001459121704,
                -0.03291317820549011,
                0.13576902449131013,
                1.0
            ],
            "name": "Cylinder495"
        },
        {
            "mesh": 6,
            "matrix": [
                1.0,
                0.0,
                0.0,
                0.0,
                0.0,
                1.0,
                0.0,
                0.0,
                0.0,
                0.0,
                1.0,
                0.0,
                -0.24569809436798097,
                6.866660555715498e-7,
                -0.5481755137443543,
                1.0
            ]
        },
        {
            "children": [
                60
            ],
            "matrix": [
                -2.3170341023615044e-7,
                0.4574010968208313,
                0.8892605304718018,
                0.0,
                1.0,
                0.0000011062609246437206,
                -3.08460300857405e-7,
                0.0,
                0.0000011248442888245336,
                -0.8892605304718018,
                0.4574010968208313,
                0.0,
                -2.910001277923584,
                -0.03291317820549011,
                0.13576902449131013,
                1.0
            ],
            "name": "Cylinder494"
        },
        {
            "mesh": 6,
            "matrix": [
                1.0,
                0.0,
                0.0,
                0.0,
                0.0,
                1.0,
                0.0,
                0.0,
                0.0,
                0.0,
                1.0,
                0.0,
                -0.24569809436798097,
                6.866660555715498e-7,
                -0.5481755137443543,
                1.0
            ]
        },
        {
            "children": [
                62
            ],
            "matrix": [
                -2.3170341023615044e-7,
                0.4574010968208313,
                0.8892605304718018,
                0.0,
                1.0,
                0.0000011062609246437206,
                -3.08460300857405e-7,
                0.0,
                0.0000011248442888245336,
                -0.8892605304718018,
                0.4574010968208313,
                0.0,
                -2.850001335144043,
                -0.03291317820549011,
                0.13576902449131013,
                1.0
            ],
            "name": "Cylinder493"
        },
        {
            "mesh": 6,
            "matrix": [
                1.0,
                0.0,
                0.0,
                0.0,
                0.0,
                1.0,
                0.0,
                0.0,
                0.0,
                0.0,
                1.0,
                0.0,
                -0.24569809436798097,
                6.866660555715498e-7,
                -0.5481755137443543,
                1.0
            ]
        },
        {
            "children": [
                64
            ],
            "matrix": [
                -2.3170341023615044e-7,
                0.4574010968208313,
                0.8892605304718018,
                0.0,
                1.0,
                0.0000011062609246437206,
                -3.08460300857405e-7,
                0.0,
                0.0000011248442888245336,
                -0.8892605304718018,
                0.4574010968208313,
                0.0,
                -2.790001392364502,
                -0.03291317820549011,
                0.13576902449131013,
                1.0
            ],
            "name": "Cylinder492"
        },
        {
            "mesh": 6,
            "matrix": [
                1.0,
                0.0,
                0.0,
                0.0,
                0.0,
                1.0,
                0.0,
                0.0,
                0.0,
                0.0,
                1.0,
                0.0,
                -0.24569809436798097,
                6.866660555715498e-7,
